0.00112697
0.0010034
0.00088554
0.00127117
0.000918497
0.000772461
0.000798012
0.00105224
0.000573509
0.00114399
0.00102681
0.000744079
0.000659415
0.000996047
0.000749415
0.000960494
0.000773803
0.000890026
0.000598131
0.00144466
0.000883694
0.00103889
0.000657558
0.00132449
0.00110436
0.00117179
0.000573162
0.000605783
0.000892085
0.000657155
0.000637309
0.000990397
0.00100674
0.000728987
0.00106887
0.000989927
0.00115368
0.000945414
0.000551716
0.000651707
0.00106007
0.000889344
0.000779699
0.000969913
0.000460675
0.00107344
0.000843924
0.000834415
0.000616825
0.00122828
0.00104018
0.000785147
0.00101021
0.00130043
0.00139894
0.00102778
0.00116658
0.000773121
0.000585367
0.000778949
0.00051877
0.00126948
0.00100073
0.0010605
0.000397692
0.00108618
0.000804624
0.000414707
0.00106156
0.000914079
0.000684597
0.000689743
0.000784565
0.000962228
0.000960405
0.000637208
0.000911864
0.00104379
0.00108649
0.00106887
0.000808595
0.00106942
0.00096762
0.00114767
0.000905934
0.000676441
0.000754818
0.00112886
0.000704376
0.000937918
0.00110295
0.00065711
0.000773054
0.000648172
0.000923151
0.000970686
0.00110381
0.0011264
0.000843633
0.000851509
0.00119315
0.00103726
0.000614286
0.00053781
0.00117587
0.000668935
0.000867753
0.000871612
0.0013182
0.000833408
0.000771566
0.000534141
0.00102805
0.0007995
0.000884903
0.00100298
0.000921417
0.000952014
0.000554278
0.00155481
0.00103767
0.000657502
0.000995129
0.000913407
0.000576406
0.000695717
0.000827434
0.000696679
0.000679048
0.00110392
0.00107749
0.0012351
0.00133199
0.00122697
0.000915455
0.000678556
0.00087904
0.000518636
0.000407637
0.000793951
0.00131716
0.00102164
0.000350683
0.000678041
0.00110314
0.00127418
0.00117052
0.000849473
0.00100629
0.000899289
0.000850748
0.000777808
0.000336207
0.000859094
0.00120456
0.00131592
0.0010154
0.000668264
0.000827188
0.00095885
0.000858691
0.0010095
0.000905218
0.00106148
0.000860604
0.00058191
0.00112035
0.000872921
0.000887632
0.00112356
0.00119292
0.000819614
0.00087838
0.00100784
0.000699207
0.000760311
0.000644055
0.00125276
0.000977196
0.000647165
0.0010758
0.00104319
0.000655186
0.000947282
0.000584382
0.000740219
0.00108159
0.00109435
0.000942785
0.00120815
0.00109323
0.00102269
0.000960807
0.00130361
0.00106613
0.000754617
0.00096008
0.000686599
0.000818361
0.000526746
0.00124429
0.000999571
0.00104461
0.000458963
0.000670322
0.000844372
0.00128348
0.000785359
0.0008763
0.00106396
0.000798001
0.000917379
0.000644234
0.000728674
0.00123532
0.00129154
0.000982879
0.00106776
0.000583711
0.000772886
0.00064326
0.00104462
0.00112056
0.000898316
0.00118565
0.00108354
0.000707296
0.000933209
0.00094425
0.000479324
0.000756049
0.000890216
0.00104091
0.000965137
0.000956925
0.000883415
0.000960494
0.000869979
0.00052735
0.000769004
0.000608233
0.0011396
0.000633349
0.000909827
0.00102439
0.00105345
0.000983506
0.00105028
0.00124795
0.00161197
0.00100873
0.000703895
0.000733697
0.000659594
0.00082796
0.000973907
0.00151575
0.00064929
0.00068255
0.000944329
0.000825767
0.000651136
0.000637421
0.0010255
0.000984614
0.00157521
0.00106491
0.000893069
0.000882296
0.000610079
0.00131094
0.000371972
0.000630015
0.000914895
0.000724289
0.000802196
0.000928767
0.00120208
0.00128203
0.0013076
0.000878101
0.000779922
0.00096234
0.000701288
0.000696925
0.00118798
0.00129134
0.000915846
0.000616243
0.00113726
0.00098665
0.000329909
0.000582839
0.00107966
0.000590356
0.00110594
0.000465105
0.000921831
0.000644469
0.000582537
0.00100108
0.000609587
0.000706345
0.00109934
0.00114754
0.00102783
0.000819234
0.000600324
0.00123479
0.000278962
0.00100443
0.000959521
0.000987119
0.000747524
0.00112375
0.000773781
0.0010811
0.00111848
0.000711099
0.000768668
0.000967038
0.000854239
0.000755109
0.000659415
0.000892555
0.000829202
0.000800048
0.000583197
0.000853925
0.000865884
0.000678332
0.000607752
0.000748084
0.000966714
0.00060848
0.00116841
0.001416
0.0011198
0.00127372
0.000871277
0.000586184
0.000974154
0.000547733
0.000746473
0.000638282
0.00122779
0.000946432
0.00112477
0.00130028
0.00105901
0.000644267
0.000588276
0.000797934
0.000409628
0.000830388
0.000764473
0.000564648
0.00108336
0.00114236
0.00111987
0.0011055
0.00080534
0.000923543
0.0010862
0.000619958
0.000966255
0.00113664
0.001374
0.00120596
0.000935301
0.000484448
0.000910689
0.000891458
0.00076529
0.00109956
0.000687181
0.000876613
0.000937012
0.000857494
0.00105269
0.00110075
0.00117075
0.000872216
0.00117525
0.00105378
0.00124906
0.000829157
0.00113779
0.000574046
0.00037949
0.00118385
0.00109073
0.000689721
0.0009744
0.0010111
0.00123043
0.00107889
0.0012792
0.00100111
0.00142269
0.00117013
0.00105508
0.00112101
0.000942013
0.00145868
0.000715764
0.000972006
0.00117835
0.0010632
0.00126075
0.000791579
0.000417314
0.00129415
0.00116815
0.000866992
0.000775504
0.000995431
0.000888885
0.000608659
0.00100039
0.00076152
0.000840579
0.000914951
0.000715004
0.00105834
0.000977241
0.000812578
0.000814267
0.000719937
0.000663386
0.000802297
0.000665836
0.0010104
0.00106326
0.000594898
0.000650297
0.000828475
0.000708907
0.000734044
0.000795294
0.00107463
0.000754919
0.000923789
0.000739436
0.000458303
0.00105198
0.000891067
0.000579102
0.000765759
0.000980966
0.000633326
0.00123456
0.000933466
0.000843544
0.00111651
0.000956489
0.000879354
0.000887655
0.00117326
0.000906001
0.000669729
0.00109576
0.00083135
0.00103239
0.00131074
0.000280417
0.000590502
0.00101511
0.00117284
0.000914526
0.00137847
0.000690817
0.000936397
0.000644704
0.000936699
0.000802017
0.000435817
0.00110947
0.000531065
0.00105435
0.00102325
0.000714198
0.000874957
0.00108423
0.00159512
0.00051811
0.000793794
0.000957496
0.00116917
0.000882632
0.000979546
0.00056928
0.00092088
0.00154036
0.000703537
0.00079696
0.00133774
0.000696388
0.00119994
0.00064467
0.00133017
0.0010556
0.00102268
0.00129603
0.000822948
0.00115855
0.00112
0.00068246
0.00120215
0.00118101
0.000897208
0.000848209
0.000742334
0.000846889
0.00117931
0.000721369
0.000651282
0.0010135
0.00084219
0.000971603
0.000893662
0.000875606
0.000458124
0.000895318
0.000698379
0.000881054
0.000824503
0.000811638
0.000873425
0.000738239
0.000556415
0.000908004
0.00120426
0.00114154
0.00114065
0.000487435
0.000691063
0.000795148
0.00127081
0.00101951
0.000865359
0.000660298
0.000957496
0.000818451
0.00124587
0.000774127
0.00126622
0.00124578
0.00073787
0.00119925
0.000748084
0.00126381
0.000633953
0.000883101
0.00117603
0.000970607
0.00102585
0.000854216
0.00129067
0.00084021
0.00131516
0.00076906
0.000699442
0.000802867
0.0010311
0.00110155
0.00106409
0.000918531
0.00137958
0.000722331
0.00106023
0.000813752
0.000798437
0.000327078
0.000836954
0.000734626
0.00107298
0.000727242
0.00109603
0.00101943
0.000790707
0.00096451
0.00078829
0.00101081
0.00112004
0.00102482
0.000908407
0.00117617
0.00069301
0.000916495
0.00115597
0.00102455
0.000909928
0.000888494
0.0006099
0.000988026
0.000645778
0.00115122
0.000915108
0.000855301
0.000577044
0.00111135
0.00113306
0.00109342
0.000873693
0.000880987
0.00108448
0.00111092
0.00111126
0.00104074
0.000503041
0.000798448
0.0011775
0.00121791
0.000930345
0.000867115
0.00103142
0.000790349
0.000970272
0.000987958
0.00102128
0.000810944
0.0013645
0.00115141
0.000986347
0.000566036
0.000609039
0.00085067
0.00131527
0.000692831
0.000873212
0.00077472
0.00125308
0.00113675
0.000541804
0.000882016
0.000929025
0.00074192
0.000839908
0.000640027
0.000930781
0.000685783
0.000661954
0.0011672
0.00113193
0.000955057
0.000832424
0.00113207
0.00139595
0.0012387
0.000717677
0.000809904
0.000731684
0.000566975
0.00108472
0.00101895
0.00118901
0.00120727
0.000892029
0.000705953
0.000973046
0.000881323
0.000808528
0.00116512
0.000294378
0.000809356
0.00114563
0.000497503
0.00113459
0.000815699
0.00113325
0.000592191
0.000983819
0.000936218
0.00115505
0.0014384
0.000952965
0.000557634
0.000943188
0.0010168
0.00119097
0.000232771
0.000480432
0.00124065
0.00107685
0.000867059
0.00100871
0.00116997
0.000944866
0.00102163
0.000794913
0.000697149
0.000817343
0.000591967
0.00101505
0.000693457
0.000601734
0.000976268
0.0010118
0.000819189
0.00125955
0.000828206
0.00085237
0.00114937
0.00113836
0.00133602
0.00107209
0.00111954
0.000905297
0.00106033
0.00103543
0.000843555
0.00100899
0.000504104
0.000828866
0.00124069
0.00107568
0.000847056
0.000786131
0.000692394
0.00056297
0.000887699
0.000993966
0.000795708
0.000545742
0.000452811
0.00111087
0.000970775
0.00119264
0.0014879
0.00101427
0.00108824
0.00103874
0.00115826
0.00077519
0.000672034
0.000678164
0.00116581
0.00120963
0.00101264
0.00048598
0.00121813
0.000939127
0.000946074
0.000491809
0.00122153
0.00110765
0.00106496
0.000812376
0.000662457
0.000857013
0.000885126
0.00086782
0.00105404
0.000939831
0.00116783
0.000554669
0.000645028
0.00077142
0.000686935
0.000866802
0.000831529
0.00116777
0.00110713
0.00127236
0.000638181
0.00100389
0.00119796
0.00123536
0.000542296
0.000772013
0.00138123
0.00099071
0.0011722
0.00127485
0.000936386
0.000896381
0.000923856
0.000535316
0.000430067
0.000703358
0.00112167
0.000985553
0.000858971
0.000999996
0.000772483
0.00105676
0.00107471
0.000839516
0.0012697
0.000829079
0.000742714
0.00113896
0.00126326
0.000994536
0.000873122
0.000893304
0.000952786
0.00133128
0.00111058
0.000925266
0.00115173
0.000670378
0.00048419
0.000748117
0.00135004
0.00125399
0.000804545
0.00106258
0.00081901
0.00113717
0.00071365
0.00113068
0.000753454
0.00135974
0.000836015
0.00024897
0.000497828
0.000909928
0.000338881
0.000628236
0.000881356
0.00070724
0.000584013
0.000740163
0.00110998
0.000623873
0.00131129
0.000999638
0.000407424
0.000874252
0.0010042
0.00131128
0.000751015
0.000590155
0.000440863
0.000618537
0.00136585
0.000878425
0.000918654
0.00144546
0.0011183
0.000780001
0.000921966
0.000609162
0.000572435
0.000758611
0.00104972
0.000619253
0.00115446
0.000671609
0.000810519
0.000947237
0.00125354
0.000619711
0.000767997
0.000749818
0.00136765
0.00115882
0.00134206
0.000822154
0.00125967
0.00063996
0.000751518
0.000439957
0.000866052
0.00119047
0.000999324
0.000694777
0.000753599
0.000940491
0.000925154
0.00118275
0.00103638
0.000870438
0.00062271
0.000918442
0.00114648
0.000584438
0.00064533
0.000964935
0.000837245
0.000754617
0.000502146
0.000589115
0.000780426
0.000837559
0.00113006
0.000929931
0.000935961
0.000643786
0.000447161
0.00102353
0.00092135
0.000959599
0.000603177
0.000539153
0.000559648
0.000805004
0.00100266
0.00103527
0.000800015
0.000456871
0.000848432
0.00102737
0.000624164
0.000856196
0.00104457
0.000504585
0.00113035
0.000830589
0.000978964
0.000655756
0.000676833
0.00107923
0.000920287
0.000878168
0.000708627
0.000956008
0.000783905
0.000824895
0.00101706
0.00102951
0.000869117
0.000399247
0.000756497
0.000755378
0.00118792
0.00068642
0.000830701
0.000574001
0.000954968
0.000930938
0.000878682
0.00106759
0.00109098
0.000781466
0.000768869
0.00079215
0.000678332
0.00107852
0.00056495
0.000814412
0.000852191
0.00140975
0.000807152
0.000706568
0.000833542
0.000904849
0.000371625
0.000994123
0.00105419
0.00122775
0.00108343
0.000841552
0.00137939
0.00100962
0.000582626
0.00120623
0.000946421
0.000841407
0.0009483
0.000778614
0.00045544
0.00110466
0.00138275
0.000804199
0.00133353
0.000762627
0.001361
0.000973717
0.000409069
0.00101755
0.000877306
0.000643753
0.00091089
0.00106157
0.000732153
0.00113775
0.00103817
0.000824939
0.000855671
0.000661652
0.000710943
0.000880987
0.00071054
0.000312345
0.000577614
0.00121481
0.000503645
0.000982331
0.000896895
0.000746048
0.000651226
0.00120734
0.00113082
0.000412022
0.000792318
0.000688076
0.000901739
0.000704264
0.000927928
0.00120374
0.000949956
0.000864117
0.000848197
0.000850345
0.0010793
0.00126053
0.000792049
0.000815229
0.00142542
0.00112649
0.000967307
0.000825365
0.00110173
0.000508858
0.00104332
0.00101461
0.00092399
0.000806895
0.000909827
0.000643999
0.000602662
0.000291291
0.000881032
0.00115609
0.000770301
0.000973471
0.000439901
0.00106481
0.00096564
0.00085529
0.00103268
0.000792463
0.000276333
0.00075973
0.000644547
0.00055684
0.000926429
0.00160543
0.00106346
0.000621546
0.000981559
0.000796849
0.000899233
0.000943031
0.00101949
0.000984614
0.000763802
0.00109584
0.000674495
0.00100992
0.000644983
0.000808863
0.000738317
0.00134985
0.000849529
0.000894568
0.00102356
0.000842738
0.000844685
0.000870885
0.000873715
0.000513747
0.00077538
0.000757034
0.000957183
0.0011781
0.00071968
0.00114262
0.000766006
0.000744224
0.000993082
0.000946667
0.0010871
0.000988462
0.000397367
0.000896213
0.000734995
0.000764339
0.000856487
0.000410434
0.000845882
0.000814099
0.000672179
0.00105212
0.00125666
0.000811258
0.000971368
0.000932951
0.000802397
0.000971782
0.000612731
0.000932985
0.000719187
0.00132611
0.00119213
0.000888807
0.000990733
0.00109224
0.00108007
0.00074522
0.00092314
0.000773031
0.000863804
0.000954744
0.000751194
0.0013531
0.000960315
0.000623806
0.000896951
0.000652523
0.00130933
0.000519654
0.000816795
0.000641605
0.000774586
0.00100615
0.00102222
0.000846072
0.00103111
0.00128887
0.000679719
0.00117848
0.000835981
0.00103535
0.000606634
0.00105542
0.00122266
0.000853176
0.000769429
0.00054054
0.000552365
0.000491988
0.000634747
0.000271087
0.0010616
0.000783704
0.000644122
0.000774966
0.00070734
0.000855111
0.000699319
0.000869397
0.00111357
0.00102589
0.00089374
0.000513601
0.000655141
0.00109384
0.00111052
0.000841183
0.000916473
0.00112082
0.0010565
0.000879779
0.00105991
0.00101947
0.00101875
0.000912826
0.000642969
0.000922637
0.00124704
0.000993351
0.00118219
0.000467868
0.00134856
0.00126578
0.000975876
0.00117862
0.00126426
0.000670042
0.000976659
0.000910398
0.000813708
0.00105102
0.000829962
0.0010389
0.000844853
0.00115015
0.00103637
0.000695627
0.00114217
0.000698894
0.000984792
0.000927525
0.00142884
0.000924527
0.00111634
0.0011507
0.000983305
0.000792105
0.000431879
0.00087715
0.00100601
0.000954028
0.00053602
0.000448492
0.000491496
0.000801256
0.000832222
0.00129223
0.000738709
0.000953547
0.00119342
0.000900397
0.000823563
0.000982309
0.00112225
0.00100877
0.00099956
0.000670792
0.00109424
0.000715473
0.00111583
0.000837122
0.00096338
0.000715205
0.000754349
0.00102753
0.00149008
0.00101852
0.0010059
0.00110251
0.000938142
0.00110376
0.00102307
0.00109101
0.000865694
0.000999918
0.00100058
0.000469614
0.000959375
0.000884388
0.000688546
0.000773221
0.0010692
0.00099306
0.00105687
0.000597091
0.00092446
0.00125954
0.00114887
0.000826539
0.00102434
0.00101499
0.0010416
0.000722868
0.00104922
0.000730554
0.00111802
0.000502582
0.000752827
0.000636268
0.000503768
0.00130252
0.00114734
0.00113038
0.000636694
0.000938646
0.000677079
0.000912647
0.00105869
0.000912065
0.000689407
0.000688714
0.00109666
0.0010753
0.000968526
0.00104708
0.000386762
0.00107796
0.00110661
0.000889568
0.000912009
0.000768008
0.000942013
0.000413208
0.000941073
0.00107187
0.00117578
0.00109435
0.000400679
0.00119523
0.00069537
0.000441142
0.00110518
0.000632924
0.000881289
0.000725486
0.000479917
0.000363504
0.00096187
0.00123382
0.00105978
0.000719344
0.000557242
0.000946208
0.00104095
0.00093878
0.0011757
0.000611847
0.00136364
0.00119026
0.00117545
0.00107062
0.000469468
0.0010777
0.000882441
0.000719176
0.000847247
0.00128244
0.00101314
0.000701534
0.000710238
0.000884231
0.00119532
0.000927604
0.000783983
0.00104948
0.00116458
0.000997848
0.00101388
0.000664046
0.000798706
0.00086848
0.000675983
0.0011971
0.000834337
0.000672168
0.000893841
0.000874577
0.000795148
0.000760356
0.000684116
0.000581451
0.000740868
0.00101557
0.000929673
0.00083748
0.00116718
0.000866488
0.0011712
0.000901795
0.00106753
0.000887185
0.00105015
0.000979781
0.000950448
0.000814502
0.00119131
0.000991113
0.000925557
0.000730777
0.00069509
0.000905039
0.00101891
0.000611769
0.00105723
0.000500692
0.000795495
0.000955303
0.000855894
0.000626122
0.000683982
0.000789946
0.000921429
0.000880853
0.000615617
0.000911024
0.000663151
0.000927705
0.00130444
0.000945828
0.000502526
0.000725821
0.000848656
0.00102735
0.000252024
0.00102483
0.000777718
0.00107744
0.000690526
0.000878548
0.000661887
0.000780996
0.000740768
0.000849842
0.000907322
0.000583018
0.00116548
0.000600235
0.000918352
0.000925445
0.000589238
0.0010022
0.00161913
0.000788391
0.000994615
0.000934048
0.00134888
0.00118414
0.000801234
0.00109469
0.000722264
0.000738575
0.000741551
0.000966199
0.000335804
0.000738776
0.00100803
0.000894546
0.00068086
0.000549859
0.000589126
0.000914839
0.000974344
0.000779531
0.00109656
0.000960762
0.00076831
0.00132538
0.000707262
0.0010487
0.000683926
0.000686118
0.00141711
0.00057776
0.00063148
0.000900833
0.000933779
0.000835254
0.00102701
0.00103634
0.000470531
0.00105032
0.000601365
0.000816504
0.00086735
0.000883795
0.00107771
0.00134498
0.00107296
0.000796267
0.00131648
0.000688456
0.00073966
0.000718841
0.000367363
0.00096451
0.000803214
0.000932504
0.000826103
0.000873234
0.00123348
0.000814804
0.00114265
0.000948054
0.000825074
0.00119258
0.000903708
0.000962955
0.000780571
0.000827636
0.000772002
0.00100937
0.000825253
0.00120531
0.000575959
0.00107553
0.000970249
0.00098807
0.00106046
0.00074437
0.000962373
0.000536423
0.000694967
0.000807801
0.000639625
0.00115803
0.000747681
0.00108152
0.000562422
0.000792038
0.00122466
0.000984021
0.00100723
0.000482512
0.000881972
0.00119614
0.000892409
0.00098628
0.000772662
0.000867887
0.000954632
0.00057013
0.0010758
0.000785762
0.00101495
0.000836238
0.000933287
0.00110227
0.00115201
0.00083776
0.000939238
0.000741584
0.00102007
0.000986806
0.000778904
0.000646281
0.000897723
0.000682751
0.00119248
0.000750086
0.00127068
0.000898473
0.000928051
0.000906427
0.000869196
0.00078471
0.00115852
0.000789387
0.000960528
0.000996763
0.000694486
0.000565935
0.00115391
0.000970339
0.000700617
0.0010218
0.00111701
0.00101825
0.00114715
0.00090721
0.00115922
0.000507012
0.00110579
0.000815889
0.000684798
0.000785371
0.00125123
0.000732713
0.000667682
0.000824962
0.00124865
0.000563507
0.00108662
0.000843454
0.000653105
0.00104613
0.000938288
0.000403755
0.00113255
0.00079356
0.000565566
0.000761229
0.000678601
0.00116442
0.000721223
0.000885272
0.00107772
0.00114802
0.00103704
0.000959207
0.000611243
0.00092465
0.0011166
0.000952137
0.0005886
0.00105363
0.00105639
0.00073514
0.00061489
0.00128669
0.000947752
0.00106601
0.000566159
0.00135561
0.000929595
0.000917424
0.000669785
0.00113294
0.00061178
0.00110352
0.000800585
0.000682158
0.000904704
0.000882285
0.00138736
0.00089534
0.000843767
0.000787205
0.000808953
0.00120209
0.000875326
0.000932314
0.000838487
0.000913061
0.00116025
0.00107881
0.00108535
0.00104855
0.000863345
0.00123825
0.00132506
0.00111867
0.000914582
0.000669584
0.00109757
0.00126817
0.000814066
0.0010098
0.000434777
0.000953961
0.00113122
0.000764473
0.000628795
0.00126898
0.000803829
0.000461805
0.00083691
0.000980642
0.00162041
0.000930781
0.00116523
0.00072911
0.000926966
0.000809904
0.00106216
0.00105471
0.00107118
0.000674886
0.000731012
0.000635049
0.000861846
0.00119612
0.000624634
0.000929327
0.00122269
0.000514687
0.000866153
0.000883023
0.00058257
0.000975709
0.000790852
0.0010867
0.000817052
0.00108175
0.000819905
0.00104233
0.0011165
0.00113339
0.000628952
0.000866544
0.000962049
0.00025321
0.000954565
0.000981045
0.0013152
0.000796435
0.00153511
0.00122266
0.00064184
0.000776812
0.00069631
0.000987723
0.000903048
0.00130869
0.000808394
0.000743475
0.00143827
0.00126254
0.000930926
0.000655958
0.000639009
0.00100249
0.00103433
0.0010662
0.000567177
0.000966826
0.000579975
0.00093058
0.000691511
0.000463886
0.000818719
0.000789801
0.00118992
0.00113986
0.000920903
0.000884377
0.000525113
0.000695493
0.000963638
0.000613984
0.000775873
0.00110364
0.0011553
0.000955773
0.00103284
0.000775257
0.000791725
0.000643126
0.000772438
0.00115737
0.000621155
0.000916775
0.000848902
0.000876501
0.00074786
0.000851431
0.000191267
0.00131293
0.00105109
0.00100288
0.000771857
0.000751306
0.00101464
0.00104439
0.000971032
0.00099287
0.000811649
0.00107248
0.00090231
0.000642813
0.000906538
0.000682606
0.0009221
0.00115681
0.000918811
0.00109522
0.00112536
0.000960225
0.000876121
0.00113426
0.000647176
0.00115827
0.000835388
0.00113612
0.000905867
0.000716324
0.000900263
0.00045855
0.000610113
0.000962799
0.00127892
0.000469267
0.00059586
0.000960046
0.000744996
0.00088186
0.00118324
0.00102918
0.00084379
0.000952999
0.000954811
0.000739839
0.000642891
0.00110674
0.000907321
0.000953222
0.00110033
0.000736349
0.000882799
0.000627475
0.00128294
0.000580601
0.00139623
0.000540395
0.00110915
0.00102513
0.000698312
0.000972733
0.000913832
0.000694229
0.000923163
0.000740991
0.00114545
0.000613189
0.00106288
0.00111998
0.000924181
0.000710775
0.000882945
0.000415088
0.00133748
0.000907232
0.000851654
0.00105356
0.0012045
0.000888785
0.000569794
0.00102528
0.00108346
0.00128296
0.000935312
0.000706121
0.00142013
0.00106893
0.00079875
0.0005608
0.000714299
0.000535629
0.00104254
0.000962441
0.000863804
0.00132262
0.000607786
0.000887789
0.0010023
0.00075926
0.000700941
0.000859922
0.000920075
0.00136352
0.00133751
0.00103192
0.000883034
0.000823977
0.000956679
0.0012501
0.000976962
0.000554703
0.00122562
0.00132119
0.00108809
0.00108012
0.00100807
0.00135774
0.000982063
0.00107752
0.00104424
0.00115901
0.000858803
0.000959677
0.00111672
0.00106753
0.000745321
0.00106543
0.000985788
0.00105924
0.000937639
0.000472567
0.00116545
0.00124068
0.00075351
0.000430593
0.000526612
0.000877553
0.000739973
0.000832524
0.00109524
0.00132775
0.000831674
0.00105434
0.00126963
0.00120488
0.00107063
0.000913016
0.00102098
0.000876535
0.000682684
0.000974869
0.00103453
0.000590658
0.00102081
0.00126381
0.00102687
0.00126908
0.000839785
0.000901157
0.00119094
0.00142692
0.00114268
0.00102513
0.0010074
0.0010892
0.00109835
0.00105843
0.00120678
0.00066484
0.000437943
0.000936196
0.000920914
0.000883817
0.00119332
0.00119533
0.000941073
0.000922368
0.00109063
0.0010742
0.000722063
0.000821673
0.000789152
0.000820095
0.000415994
0.000926082
0.00114818
0.000655197
0.000707217
0.000780705
0.00098194
0.000399179
0.0011016
0.00121159
0.000812063
0.000996919
0.00117199
0.00103102
0.00108187
0.000952059
0.001014
0.000888919
0.0014427
0.00027913
0.00101515
0.000581082
0.000573442
0.000575712
0.000490601
0.000868648
0.00131067
0.000997054
0.000420759
0.000885026
0.000755188
0.00109623
0.00104595
0.00108531
0.000925187
0.00114764
0.00101991
0.000981101
0.000559692
0.00101919
0.000607585
0.000882643
0.00107643
0.000674797
0.000966155
0.000924069
0.00085095
0.001173
0.000894825
0.000727611
0.000924024
0.000445528
0.000687852
0.0010479
0.00106929
0.00105035
0.000913564
0.000487804
0.00126334
0.00108872
0.000987779
0.00109065
0.00105422
0.000877262
0.00076086
0.000870471
0.000505882
0.000963067
0.000822311
0.00101509
0.0010803
0.000978774
0.000709947
0.000691857
0.00096997
0.000952697
0.00135806
0.000591967
0.00120544
0.00100717
0.00034104
0.000973975
0.00092041
0.000694095
0.000909962
0.000678746
0.00103201
0.000498946
0.00101718
0.000839237
0.000584259
0.000897164
0.000555922
0.000328521
0.000613055
0.00112731
0.000341152
0.00133235
0.000880573
0.000396897
0.000632901
0.00072637
0.000671497
0.00075238
0.000954822
0.000673298
0.00146294
0.000765726
0.000944474
0.000923688
0.00103207
0.000897466
0.000688725
0.0011036
0.00100739
0.000890619
0.00101428
0.000766442
0.000932101
0.000524319
0.000719937
0.00129836
0.000845121
0.000577435
0.00111857
0.000753443
0.000844416
0.00103493
0.000945414
0.000738015
0.000943154
0.000718326
0.00079828
0.00102394
0.00104677
0.000871746
0.00126643
0.00101002
0.000696064
0.00112243
0.000716346
0.000574359
0.000970283
0.000977532
0.000719422
0.00110766
0.000496977
0.00114159
0.000528368
0.00110307
0.00115987
0.000953625
0.00141809
0.000656305
0.0011546
0.00125841
0.00119804
0.000820084
0.000881334
0.000579102
0.00117757
0.00116928
0.00115693
0.00123758
0.000760099
0.000949564
0.000906684
0.000826081
0.00121382
0.000934215
0.000945503
0.00070583
0.00112633
0.00109737
0.00121278
0.000705114
0.000325747
0.000759607
0.000637197
0.00106076
0.000640799
0.00107978
0.000559066
0.00130478
0.00122011
0.000785818
0.00109107
0.00101021
0.0009777
0.000781645
0.000876412
0.000895776
0.00111934
0.000824436
0.000988618
0.00113888
0.000887889
0.000610359
0.000704543
0.000528447
0.0011107
0.00129332
0.0012913
0.000639054
0.00098882
0.00144569
0.000772315
0.0010615
0.000511655
0.00108163
0.000946331
0.000869129
0.000535484
0.000786523
0.00119254
0.000786333
0.000812007
0.0011425
0.00143578
0.00107627
0.00083569
0.000856935
0.00126863
0.000612182
0.000497279
0.000983405
0.00110772
0.000580198
0.000646158
0.00117883
0.00118008
0.00068246
0.00128219
0.00125083
0.00091664
0.000819447
0.00114589
0.000537978
0.00114755
0.00125244
0.000826159
0.00104527
0.00067907
0.00102822
0.000690794
0.00101202
0.000643976
0.000863613
0.00052461
0.00133083
0.00087357
0.00110763
0.000978281
0.000863815
0.000950459
0.000978863
0.000882363
0.000875528
0.000820565
0.000693233
0.000793973
0.000860492
0.00115983
0.000949139
0.00133175
0.000852292
0.00094067
0.00065174
0.000434911
0.000924214
0.00119083
0.000907501
0.000829728
0.000870807
0.00102624
0.00114044
0.00104663
0.00104435
0.000449175
0.000859765
0.00106685
0.00110426
0.00075841
0.000995868
0.00107337
0.000952383
0.00130024
0.000737546
0.000924359
0.000612227
0.00100287
0.000650778
0.000818764
0.00112564
0.000856577
0.000680279
0.000874264
0.00102531
0.000752749
0.00051444
0.00118716
0.0010877
0.000774072
0.000813271
0.000827423
0.000927414
0.000715619
0.00104867
0.00100458
0.000870348
0.0013307
0.000521813
0.000959655
0.000731728
0.00144768
0.00123981
0.000616982
0.000871758
0.00105008
0.00125337
0.00111732
0.000820442
0.000800563
0.000965886
0.00113587
0.00157741
0.000769429
0.000751216
0.00100242
0.00101357
0.00057852
0.00102659
0.00116319
0.0013103
0.00115535
0.000347293
0.00113589
0.00100005
0.000777573
0.000469837
0.00089402
0.000809043
0.000631648
0.00112029
0.000934741
0.000997691
0.00083578
0.000745846
0.00113282
0.000703335
0.00105134
0.00101606
0.000867149
0.000809669
0.000929013
0.000559346
0.000889087
0.000684742
0.00058417
0.000628314
0.000620808
0.00094283
0.000746663
0.00121491
0.000517696
0.00110625
0.000946488
0.000410702
0.000616713
0.00102253
0.00124586
0.000827759
0.000872608
0.00114517
0.0011136
0.000683881
0.0010023
0.00100257
0.000952596
0.00122706
0.00140668
0.00049408
0.000608938
0.00113869
0.000690828
0.00113812
0.000740331
0.000791926
0.00088328
0.000914638
0.00100612
0.000934931
0.000845065
0.00108775
0.000955885
0.00144644
0.00106653
0.000688725
0.00124517
0.000862215
0.00070913
0.000711077
0.00115754
0.00122079
0.00129266
0.00102928
0.000692461
0.000964298
0.000817299
0.00109556
0.000998474
0.000971301
0.000785639
0.00098976
0.00114701
0.000958693
0.00111683
0.00104661
0.000789487
0.000698928
0.00101828
0.0010339
0.000827524
0.000885361
0.000969321
0.000772159
0.00100794
0.000862428
0.000787821
0.000969544
0.000869386
0.000884612
0.00103092
0.000664013
0.00111919
0.000987757
0.000868413
0.00104393
0.000503153
0.000471336
0.00114593
0.00104149
0.00101001
0.00033982
0.0013777
0.00143548
0.000710316
0.000604005
0.000852214
0.00102457
0.00100141
0.000656025
0.00138867
0.000874767
0.00132646
0.00121747
0.000665724
0.000935178
0.00154085
0.000677627
0.00042058
0.000626771
0.000756452
0.00118429
0.000478127
0.00052876
0.000740667
0.000807879
0.000708246
0.000637533
0.000867216
0.00107127
0.00129951
0.000754203
0.000760323
0.00103426
0.000719915
0.00104196
0.000929215
0.000992914
0.00044838
0.000610661
0.00140408
0.00127938
0.000817522
0.000968168
0.00113483
0.000893584
0.000717677
0.00119847
0.000729659
0.000881032
0.000898506
0.00123672
0.00103032
0.000692025
0.000524319
0.000834896
0.00120129
0.000867741
0.00101559
0.00105706
0.000926261
0.000655275
0.000967374
0.00102962
0.00122541
0.000597841
0.000943143
0.000451882
0.00115442
0.00090156
0.0012013
0.000958749
0.00102891
0.000859664
0.000888628
0.00071101
0.000637175
0.000766129
0.00082023
0.000966088
0.00125153
0.000969052
0.00115059
0.00104209
0.00100161
0.000961971
0.0011882
0.00116116
0.00048419
0.000494818
0.00108891
0.000582447
0.00157468
0.000837614
0.00095009
0.000979613
0.000551649
0.00121329
0.00107376
0.000640128
0.00065645
0.00099627
0.000752648
0.000439028
0.00120983
0.0012274
0.000814524
0.000932123
0.000871053
0.00101173
0.00104649
0.00125733
0.00148769
0.000678668
0.00066719
0.000817332
0.00100043
0.000672828
0.0010336
0.000868625
0.00107468
0.00108995
0.00115452
0.00112511
0.00106055
0.00109037
0.00132651
0.000964779
0.00102097
0.000538381
0.00106604
0.000714332
0.000825096
0.000900855
0.000787944
0.00123637
0.000817847
0.000787798
0.0011022
0.000593075
0.000960874
0.00113103
0.000747905
0.00104091
0.00102229
0.00072053
0.000966188
0.0013025
0.000910197
0.000760155
0.00083531
0.00130019
0.00116209
0.00136201
0.000900341
0.00126285
0.000851005
0.000942818
0.00108719
0.00149465
0.000619443
0.000503835
0.000702384
0.00121406
0.00113706
0.00102961
0.000804646
0.00128564
0.00065994
0.000752782
0.000987075
0.000820543
0.00105071
0.000315455
0.00112025
0.000900777
0.00100881
0.000579628
0.000827703
0.000637186
0.00090071
0.000750388
0.00101297
0.00101508
0.000871825
0.000626961
0.000575612
0.000638841
0.00123323
0.000714791
0.000700483
0.00102814
0.00073542
0.00108147
0.00105974
0.00117824
0.000622284
0.00112094
0.000678265
0.00087008
0.000913083
0.00110844
0.00136568
0.000873939
0.00120431
0.000746316
0.000804657
0.0012033
0.000504417
0.00108118
0.000692875
0.000959028
0.000694945
0.000960472
0.000897958
0.000920813
0.00116557
0.00100736
0.000990945
0.00106132
0.00058134
0.00114989
0.00101274
0.000739212
0.00102746
0.00101735
0.0008437
0.000711099
0.000796602
0.0013371
0.000662346
0.00115507
0.000757503
0.000615181
0.00076313
0.000711457
0.000672146
0.000263245
0.000653273
0.000997311
0.00123546
0.00109155
0.00119754
0.00107213
0.00140204
0.00139798
0.0012994
0.000974221
0.00090853
0.000834057
0.000952148
0.00100506
0.000855033
0.00121613
0.000315723
0.000850972
0.00162381
0.000764384
0.000787507
0.000615695
0.0012627
0.000797878
0.000655298
0.000522193
0.00130958
0.000839986
0.000832032
0.00135669
0.000824
0.00116206
0.00116305
0.000947036
0.000632342
0.000817366
0.00133945
0.000845859
0.00075172
0.00102808
0.00120502
0.000914414
0.000901996
0.00124445
0.00129272
0.000743296
0.0010012
0.00103854
0.000578487
0.00063572
0.000922939
0.00101611
0.001086
0.00092757
0.00117657
0.00124644
0.000200462
0.000801223
0.000856006
0.000657792
0.000853623
0.000499617
0.00111649
0.000663878
0.00100949
0.000765782
0.00136074
0.00107247
0.00104423
0.00121503
0.00115909
0.000706076
0.00108027
0.000995968
0.000950616
0.00068387
0.001208
0.000881412
0.000986303
0.000799411
0.000482277
0.000981
0.000725609
0.000873704
0.00139563
0.000914739
0.00108027
0.000817332
0.001052
0.000671665
0.00108588
0.00065042
0.00103705
0.000927995
0.000559558
0.00117906
0.00071252
0.001049
0.00105731
0.000711692
0.000798806
0.000880607
0.000926631
0.000978002
0.00103551
0.00125591
0.000962094
0.000770894
0.000821203
0.000890798
0.000696601
0.00110494
0.000919303
0.00109037
0.00110278
0.00114525
0.00120093
0.000910543
0.000702541
0.00100174
0.000943288
0.000794779
0.000858758
0.00127369
0.00105308
0.000996237
0.00101552
0.00114295
0.00117007
0.00107466
0.00149417
0.00102997
0.000918341
0.000342058
0.000842738
0.000980821
0.00119255
0.000780348
0.000580657
0.00079856
0.00081693
0.000941577
0.000304671
0.000419048
0.000960281
0.00104949
0.000762224
0.00104647
0.000547845
0.000847448
0.00115825
0.000781959
0.000918263
