1.00113 -6.999
5.00089 3.00127
1.00092 5.00077
7.0008 1.00105
3.00057 -6.99886
7.00103 -6.99926
-6.99934 -0.999004
-6.99925 -6.99904
3.00077 -6.99911
-4.9994 -6.99856
-6.99912 -0.998961
-6.99934 -6.99868
3.0011 -6.99883
-4.99943 -2.99939
7.00089 -0.999343
-6.99936 -6.99901
3.00101 -6.99927
-4.99893 -6.99901
-6.99885 -0.999055
5.00055 -6.99935
3.00106 -6.99911
-4.99922 -6.99903
-6.99954 -0.998927
-6.99916 -6.99917
1.00062 3.00123
-4.99896 -6.99921
-6.99899 -0.9987
-6.9986 -6.99897
3.00117 -6.99923
-4.99941 5.00078
-6.99948 -0.998731
-6.999 -6.99894
3.0004 -6.99891
-4.9992 -6.99959
-6.99894 -0.999086
-6.99932 -4.99931
3.00078 -6.99904
-4.99904 -6.99936
-6.99909 1.00104
-6.99891 -6.99893
3.00081 -6.99893
-4.99903 -6.99885
-6.99909 -0.999324
-6.99925 -6.99887
3.0007 -6.99906
-6.9989 3.00066
-6.99923 -0.999352
-6.99908 -2.99903
3.0011 -6.99887
-4.99916 -6.99915
-6.99881 -0.998963
-6.99939 -6.99946
3.00118 -6.99933
-4.99913 -6.99913
-6.99868 -0.999167
-6.99923 -6.99947
3.00103 -6.9992
-4.99912 -6.999
-6.99908 -0.999048
-6.99945 -6.99845
3.00104 -6.99934
-4.999 -6.99909
-4.99942 -0.999304
-6.99917 -6.9993
3.00068 -6.9989
-4.99892 -6.99876
-6.99867 -0.998773
-6.99908 -6.99932
3.00088 -6.99948
-4.99959 -6.99921
-6.99868 -0.998978
-6.99965 -6.99932
3.0011 -6.99873
-4.99883 -6.99915
-6.99899 -0.999101
-6.99915 -6.99922
3.00034 -6.99914
-6.9988 7.00132
7.00102 5.00067
7.00083 7.00096
-2.99914 7.00101
7.00091 -6.99894
-6.99914 -4.99942
7.00112 7.00087
-2.99911 7.00112
1.00119 7.00082
7.00088 5.00101
7.0007 -2.99924
-2.99936 7.00125
1.00098 7.00065
7.00108 5.00104
7.00066 7.00095
-2.99942 7.00074
1.00108 -6.99891
-6.99906 -0.998792
-2.99891 3.00102
3.00096 -6.9987
-4.99893 -6.99925
-6.99904 -4.99931
7.00082 7.00053
-2.99876 7.001
1.00104 7.00046
7.00067 5.00084
7.00128 3.00079
5.00088 7.00106
1.0008 7.00092
7.00064 5.00073
7.00124 7.00129
-2.99902 7.00107
1.00058 3.00077
-6.99936 -0.998955
-2.99888 3.0009
3.00119 -6.99892
-4.99929 -6.99907
-6.99906 -4.99952
7.00076 7.00089
-2.99896 7.00097
1.00096 7.00088
7.00096 5.00087
7.00053 7.00077
3.00061 -2.99886
1.00063 7.00091
7.00102 5.00105
7.00098 7.00105
-2.99875 7.00161
1.00101 3.0007
-4.99927 1.00066
-4.99917 3.00097
3.00152 -6.99935
-4.99932 -6.99906
-6.99917 -4.99935
7.00064 7.00103
-2.99902 7.00158
1.00106 7.00089
7.00088 5.00061
7.00131 7.00037
-2.99937 -6.99909
-6.99928 7.0008
7.00093 5.0012
7.00128 7.00131
-2.99912 7.00078
1.00096 1.0007
-4.9993 1.00119
-4.99871 3.00092
3.00062 -6.99886
-4.99901 -6.99967
-6.99942 -4.99892
7.00059 7.00111
-2.99953 7.00092
1.00064 7.00058
7.001 5.00061
7.00071 7.0011
-2.99885 1.00103
-4.99918 -2.9994
7.00123 5.00028
7.001 7.00096
-2.99901 7.00075
1.00112 1.00077
-4.99892 1.00112
-4.99929 3.00077
3.00097 -6.99915
-4.99924 -6.99934
-6.99911 -4.99917
7.0008 7.00058
-2.99915 7.00087
1.00068 7.00061
7.00075 5.00097
7.00061 7.00117
-2.99858 7.00112
5.00127 -6.99913
7.00059 5.00097
7.00055 7.00075
-2.99936 7.00123
1.00095 7.00112
3.0013 -0.998941
-6.99936 3.00059
3.0008 -6.99959
-4.99917 -6.99924
-6.99944 -4.99892
7.00114 7.00112
-2.99889 7.00081
1.00092 7.00109
7.00062 5.00097
7.00114 7.00137
-2.99879 7.00094
1.00048 -6.99909
-2.99911 5.00077
1.0011 7.00069
-2.99912 7.00094
1.00086 7.00105
-6.9989 -0.998829
-6.99913 3.00118
3.00105 -6.99875
-4.99917 -6.99886
-6.99943 -4.99962
7.00118 7.00109
-2.99931 7.00097
1.00101 7.00123
7.00108 5.00128
7.001 7.00142
-0.99883 7.00106
1.00112 1.00094
-6.99854 5.00072
7.00097 -6.99882
-2.99894 7.00126
1.00079 7.00042
-6.99871 -0.998832
-6.99913 -6.99922
3.001 -6.99911
-4.99939 -6.999
-6.99924 -4.99916
7.00091 7.00072
-2.99894 7.00098
1.00081 7.00081
7.00072 5.00066
7.0008 7.00067
-6.99899 -2.99894
1.00059 7.00065
-6.99917 -4.99929
7.00073 -6.9992
7.00107 7.00075
1.00092 1.00074
-2.99954 -0.998948
-6.99911 -6.99942
3.00077 -6.99902
-4.99937 -6.99877
-6.99907 -4.99916
7.00112 7.00096
-2.99912 7.00089
1.00117 7.00091
7.00067 5.0011
7.00083 7.00103
3.00131 -2.99972
1.00059 3.00102
-6.99883 -2.99909
7.00138 3.00069
3.00094 -4.99936
-4.99906 3.0008
-0.999564 -0.998891
-6.99947 -6.99895
3.00102 -6.99929
-4.99913 -6.99892
-6.9984 -4.99948
7.00079 7.00096
-2.99883 7.00088
1.00098 7.00057
7.00092 5.00154
7.0007 1.0008
3.00134 7.0007
1.0012 1.00064
-6.99867 -0.998944
-2.99898 3.0013
3.00082 -6.99884
-4.99888 -6.99932
-6.9988 -0.998819
-6.9991 -6.99915
3.00074 -6.99915
-4.99882 -6.99928
-6.99935 -4.99899
7.00084 7.00097
-2.99911 7.00088
1.00046 7.0009
7.0007 5.00088
7.00082 3.00081
5.00087 7.00074
1.00056 7.00091
-6.9988 -0.998858
-4.99886 1.00049
3.00069 -6.9992
-4.99873 -6.99898
-6.99913 -0.99934
-6.99904 -2.99918
3.00125 -6.99923
-4.99873 -6.99875
-6.99926 -4.9988
7.00075 7.00126
-2.99937 7.00088
1.00118 7.00097
7.00103 5.00085
7.00129 -6.99916
-2.99868 7.00077
1.0007 7.0008
-6.99897 -0.998898
-6.99894 -6.99908
3.00138 -6.99928
-4.99894 -6.99919
-6.9992 -0.999673
-6.99916 7.00073
3.00107 -6.99927
-4.9989 -6.99898
-6.99921 -4.99904
7.00079 7.00101
-2.99888 7.00102
1.00091 7.00118
7.00069 5.00092
7.00116 -4.99898
-2.99909 7.00089
1.00061 7.00099
3.00065 -0.998849
-6.99908 -6.99914
3.00058 -6.99889
-4.99887 -6.99891
-6.99913 -0.999119
-2.99892 7.00111
3.00111 -6.99896
-4.9995 -6.9992
-6.99882 -4.99878
7.00093 7.00087
-2.99897 7.00079
1.00097 7.00099
7.00102 5.00081
1.00136 -2.99885
-2.99901 7.00057
7.00061 7.00085
3.00132 -0.999307
-6.99913 -6.99923
3.00125 -6.99886
-4.99946 -6.99912
-6.99907 -2.99926
7.00084 7.00064
3.00093 -6.99931
-4.99934 -6.99883
-6.99887 -4.99904
7.00083 7.00113
-2.9986 7.00124
1.00072 7.00081
7.00073 5.00057
1.00108 7.00102
-2.99881 7.00121
1.00089 -2.99929
3.00097 -0.999119
-6.99919 -6.99883
3.00029 -6.99919
-4.99885 -6.9995
-6.99887 -4.99918
7.00113 7.00059
3.00098 -6.99906
-4.99884 -6.99856
-6.99905 -4.99944
7.00094 7.00102
-2.99881 7.00023
1.00048 7.00124
7.00108 5.00087
5.00101 7.00117
-2.99906 1.00102
-4.99921 -6.9993
1.00082 -0.999408
-6.99898 -6.99931
3.0006 -6.99902
-4.99899 -6.99918
7.00126 5.00083
7.00085 7.00115
3.00114 -6.99866
-4.99893 -6.99888
-6.99909 -4.99894
7.00104 7.00084
-2.99899 7.0005
1.00083 7.00124
7.00108 5.00085
-2.99921 7.00069
-2.99944 1.00089
-4.99901 -6.9992
-6.99945 -0.999547
-6.99889 -6.99903
3.00119 -6.99851
-4.99899 -2.99891
7.00104 5.00116
7.00078 7.00067
3.00068 -6.99883
-4.99879 -6.99899
-6.99951 -4.99878
7.00094 7.00095
-2.99951 7.00122
1.00111 7.00106
7.00081 5.00066
-2.99914 7.00089
-2.99913 1.00105
-4.99906 -6.99883
-6.99945 -0.999355
-6.99923 -6.99931
3.00087 -6.99917
-6.99883 7.00111
7.00127 5.00064
7.001 7.0012
3.00124 -6.99946
-4.99923 -6.99862
-6.99901 -4.99883
7.00127 7.00094
-2.9991 7.00092
1.00054 7.00043
7.0007 3.00112
7.00099 7.00086
-2.999 1.00077
-4.99894 -6.99893
-6.99916 -0.99873
-6.99917 -6.99926
3.00114 -4.99874
1.00099 7.00087
7.00089 5.00095
7.00133 7.00111
3.00093 -6.99885
-4.99933 -6.99952
-6.99925 -4.99865
7.00125 7.0008
-2.99894 7.00082
1.00114 7.00071
7.00113 5.00075
7.00136 7.00084
-2.99975 1.0005
-4.99909 -6.99966
-6.99937 -0.999119
-6.99929 -6.99942
3.00074 7.00111
1.00062 7.00131
7.001 5.00041
7.00087 7.001
3.00131 -6.99925
-4.99941 -6.99956
-6.99938 -4.99863
7.00088 7.00092
-2.99855 7.00112
1.00078 7.00092
7.00061 5.00057
7.00076 7.00105
-2.99938 3.00115
-4.99933 -6.99919
-6.99905 -0.998746
-6.99938 -6.99923
5.00075 7.00137
1.00116 7.00134
7.00082 5.00126
7.00064 7.00075
3.00044 -6.99913
-4.99881 -6.999
-6.99931 -4.99925
7.00094 7.00093
-2.99882 7.00104
1.00087 7.00062
7.00092 5.00115
7.00058 7.00065
-0.999035 -6.99916
-4.99925 -6.9995
-6.99941 -0.99922
-6.99916 -4.99887
-2.99907 7.00094
1.00064 7.00045
7.00102 5.00092
7.00096 7.0006
3.00054 -6.99944
-4.99919 -6.999
-6.99896 -4.9992
7.00046 7.00085
-2.99897 7.00062
1.00086 7.00104
7.0005 5.00113
7.00083 7.00098
-6.99934 -6.99932
-4.99892 -6.99908
-6.99912 -0.999291
-6.99904 -2.99922
-2.99918 7.00102
1.00103 7.00087
7.0004 5.00076
7.00076 7.00119
3.00069 -6.99917
-4.99943 -6.99905
-6.99907 -4.99912
7.00107 7.00109
-2.99922 7.00077
1.00079 7.00068
7.00108 5.00056
7.00081 1.00085
3.00141 -6.99919
-4.99929 -6.99917
-6.9991 -0.999628
-6.99901 7.00105
-2.99877 7.00108
1.00084 7.00138
7.00101 5.00058
7.00121 7.00095
3.00084 -6.99905
-4.99922 -6.99954
-6.9989 -4.99862
7.0008 7.00133
-2.99924 7.00136
1.00097 7.00041
7.00102 5.00088
7.00064 1.00091
3.00106 -6.99927
-4.99886 -6.99896
-6.99918 -0.999144
-4.99934 7.00071
-2.99912 7.00071
1.00031 7.00058
7.00121 5.0005
7.00098 7.0009
3.00075 -6.99935
-4.99879 -6.99887
-6.99959 -4.99921
7.00069 7.0009
-2.9993 7.00093
1.0012 7.00095
7.00086 5.00085
7.00085 -0.998921
-6.99874 -6.99921
-4.99918 -6.99857
-6.99887 -0.999033
-4.99917 7.0011
-2.99949 7.00104
1.00101 7.00092
7.00081 5.00091
7.00064 7.0006
3.00029 -6.99912
-4.99884 -6.99923
-6.99903 -4.99956
7.00106 7.00097
-2.99914 7.00103
1.00079 7.00028
7.00076 5.00064
7.00056 1.00093
-0.998395 -6.99894
-4.99938 -6.99902
-6.9992 -0.999101
-4.99906 7.00102
-2.99902 7.00076
1.0011 7.00067
7.00101 5.00064
7.00081 7.00074
3.00135 -6.99915
-4.99911 -6.99898
-6.99916 -4.99916
7.00087 7.00087
-2.99949 7.00078
1.00076 7.00096
7.00118 5.00072
7.00114 7.00077
-2.99926 -6.99901
-4.99905 -6.99891
-6.99901 -0.999603
-4.9991 7.00073
-2.99924 7.00086
1.00041 7.00085
7.00081 5.00067
7.00105 7.00126
3.00081 -6.99903
-4.99907 -6.9992
-6.99903 -4.99939
7.00093 7.00072
-2.99867 7.00119
1.00089 7.00099
7.00109 5.00108
7.00075 5.00092
-2.99923 3.00086
-4.99905 -6.99925
-6.99865 -0.99904
-2.99938 7.0009
-2.99935 7.00131
1.00052 7.00082
7.00064 5.00077
7.00101 7.00102
3.00085 -6.99897
-4.99871 -6.99932
-6.99882 -4.99916
7.00104 7.00061
-2.99894 7.00122
1.00085 7.00077
7.00054 5.00055
7.00049 5.00063
-2.99973 -6.99894
-4.99922 -6.99936
-6.99923 -0.999293
7.00086 7.0007
-2.99913 7.00111
1.00103 7.00089
7.00051 5.00066
7.00109 7.00111
3.00084 -6.99908
-4.99888 -6.99894
-6.99912 -4.99894
7.00102 7.00102
-2.99909 7.00064
1.00092 7.00125
7.00099 5.00118
7.00047 7.00135
-2.99873 -6.99902
-4.99882 -6.99874
-6.99933 -0.999023
7.00091 7.00081
-2.99895 7.00083
1.00104 7.00084
7.00115 5.00104
7.0007 7.00114
3.0007 -6.99902
-4.99907 -6.99857
-6.99908 -4.99888
7.00115 7.00098
-2.99921 7.00043
1.00088 7.00101
7.00095 5.00054
7.00045 7.00049
-2.9992 -6.99917
-4.99871 -6.99926
-6.99905 -0.998807
-2.9991 7.00082
-2.99902 7.00112
1.00101 7.001
7.00067 5.00109
7.00072 7.00112
3.00084 -6.99904
-4.99928 -6.99925
-6.99897 -4.99851
7.00102 7.00101
-2.9989 7.00094
1.0011 7.00102
7.00109 5.00087
7.001 7.001
-2.99953 1.00096
-4.99912 -6.99931
-6.99923 -0.998931
-2.99901 7.00106
-2.9994 7.00092
1.00126 7.00115
7.00083 5.00102
7.00101 7.00104
3.00072 -6.99895
-4.99927 -6.99888
-6.9995 -4.99925
7.00064 7.0005
-2.9987 7.00115
1.00113 7.00064
7.00094 5.00068
7.00091 3.00106
-2.99909 1.00069
-4.99931 -6.9989
-6.99892 -0.999031
-4.99895 7.00039
-2.99892 7.00111
1.00089 7.00091
7.00077 5.00094
7.00041 7.00094
3.00107 -6.99882
-4.99891 -6.9996
-6.9988 -4.9993
7.00044 7.00111
-2.99937 7.00088
1.00073 7.00048
7.00036 5.00096
7.00123 3.00106
3.00072 -6.99944
-4.99905 -6.99896
-6.99906 -0.998824
-4.99939 7.00136
-2.99881 7.00118
1.00107 7.00047
7.00108 5.00088
7.00072 7.00085
3.00128 -6.99899
-4.9993 -6.99929
-6.99912 -4.9988
7.00093 7.00078
-2.99895 7.00116
1.001 7.00101
7.00066 5.0008
7.00087 3.00068
-2.9988 -6.99917
-4.99933 -6.99911
-6.99913 -0.999205
-6.99924 7.00068
-2.99942 7.00074
1.00102 7.00093
7.00084 5.00117
7.00087 7.00117
3.0009 -6.99893
-4.99911 -6.99895
-6.99902 -4.99905
7.00081 7.00119
-2.99901 7.00093
1.00073 7.0007
7.00091 5.00102
7.00061 3.00106
7.0005 -6.9992
-4.99904 -6.99914
-6.99937 -0.999316
-6.99921 7.00092
-2.99912 7.00062
1.00091 7.00066
7.00093 5.0013
7.00095 7.0005
3.00073 -6.99915
-4.99897 -6.99975
-6.99898 -4.99922
7.00108 7.00069
-2.99912 7.00066
1.00078 7.00074
7.00085 5.00091
7.00058 3.00117
3.0006 -6.99908
-4.99907 -6.99941
-6.999 -0.998381
-6.99921 -2.99901
-2.99907 7.00135
1.00118 7.0008
7.00109 5.00072
7.00074 7.00074
3.00097 -6.99966
-4.99926 -6.99899
-6.99911 -4.99932
7.00055 7.00059
-2.99909 7.00097
1.00078 7.0011
7.00096 5.00077
7.00133 7.00071
-2.99895 3.00068
-4.99931 -6.99858
-6.99942 -0.999369
-6.9991 -2.99907
-2.99916 7.00103
1.00104 7.00047
7.00105 5.0006
7.00082 7.00087
3.00088 -6.99892
-4.99866 -6.99893
-6.9992 -4.99868
7.00069 7.00074
-2.99928 7.00037
1.00096 7.0008
7.00093 5.00083
7.00087 7.00123
-2.99919 7.00114
-4.99905 -6.99917
-6.99881 -0.999096
-6.99904 -4.99922
-2.99917 7.00077
1.00101 7.00083
7.00121 5.00058
7.00108 7.00097
3.00099 -6.99894
-4.99926 -6.99904
-6.99946 -4.99931
7.00081 7.00064
-2.99884 7.00075
1.00108 7.00056
7.00079 5.00122
7.00098 7.00101
-2.99952 7.00088
-4.9988 -6.99911
-6.99901 -0.999227
-6.99913 -4.99905
-2.99943 7.00108
1.00079 7.00101
7.00084 5.00093
7.0011 7.00115
3.00084 -6.99906
-4.99926 -6.99898
-6.99901 -4.99922
7.00065 7.0009
-2.99932 7.00119
1.00075 7.00127
7.0009 5.00093
7.00091 1.00087
-2.99922 7.00116
-4.99921 -6.99904
-6.999 -0.999306
-6.99943 -4.99885
-2.99903 7.0007
1.00102 7.00112
7.00102 5.00115
7.00091 7.00116
3.00051 -6.99889
-4.99918 -6.99932
-6.99921 -4.99875
7.00073 7.00067
-2.99918 7.00125
1.00056 7.00109
7.00084 5.00065
7.00105 7.00094
-2.9996 7.00113
5.00079 -6.99943
-6.99924 -0.999321
-6.99884 -6.99928
-2.99911 7.00108
1.00115 7.00104
7.00096 5.00061
7.00092 7.00112
3.00095 -6.99941
-4.99895 -6.99894
-6.99926 -4.99939
7.00129 7.00095
-2.99893 7.00057
1.00136 7.00093
7.00092 5.00067
7.00113 7.00061
-2.9989 7.0008
5.00068 -6.9991
-6.99912 -0.998613
-6.9991 -6.99916
-2.99921 7.00081
1.0012 7.00088
7.00093 5.00084
7.00091 7.00116
3.00108 -6.99891
-4.99895 -6.99914
-6.99876 -4.99867
7.00112 7.00091
-2.99933 7.0011
1.00127 7.00081
7.00101 5.00043
7.00095 7.00113
-2.99924 7.00063
5.00127 -6.9992
-6.99954 -0.999163
-6.99902 -6.99838
-2.99907 7.00117
1.00073 7.00093
7.00081 5.00106
7.00105 7.00107
3.00067 -6.99927
-4.99936 -6.99914
-6.9988 -4.99938
7.00093 7.00122
-2.99949 7.00087
1.00088 7.00058
7.00098 5.00079
1.00109 -6.99918
5.00108 7.00082
5.00104 -6.99888
-6.99887 -0.999371
-6.99913 -6.99904
7.00025 7.00095
1.00098 7.00132
7.0008 5.00154
7.00122 7.00064
3.00078 -6.9993
-4.99901 -6.9991
-6.99869 -4.99919
7.00074 7.00144
-2.99874 7.00093
1.00066 7.00064
7.001 5.00103
7.00107 7.00057
3.00097 -2.99942
5.00093 -6.99931
-6.99954 -0.999181
-6.99921 -6.99881
7.00114 7.00092
1.00088 7.00053
7.0007 5.00096
7.00061 7.00078
3.0011 -6.99884
-4.99904 -6.99897
-6.99922 -4.99921
7.00064 7.00077
-2.99884 7.00062
1.00092 7.00085
7.00088 7.00075
7.00085 3.00019
3.00131 5.00105
5.001 -6.99923
-6.99925 -0.998985
-6.99896 -6.99903
7.00099 7.00081
1.00107 7.0009
7.00064 5.00091
7.00068 7.00092
3.00116 -6.99908
-4.9989 -6.99887
-6.99904 -4.99912
7.00113 7.00065
-2.99884 7.00084
1.00114 7.00091
7.00072 7.0009
7.00046 3.00061
3.00096 5.00128
5.00047 -6.9994
-6.99904 -0.999255
-6.99912 -6.99882
7.00103 7.00084
1.00095 7.00095
7.00074 5.00064
7.00111 7.00091
3.00095 -6.9989
-4.99926 -6.99912
-6.99937 -4.99872
7.00058 7.0014
-2.99946 7.00111
1.00103 7.0007
7.00097 7.00091
7.00069 3.00092
3.00074 3.00115
-4.99939 -6.99894
-6.99888 -0.999076
-6.99929 -4.99912
-2.99958 7.00134
1.00091 7.00085
7.00105 5.0012
7.00089 7.00057
3.00103 -6.99892
-4.99872 -6.99906
-6.99929 -4.99858
7.00107 7.0008
-2.99944 7.00071
1.00054 7.00104
7.00096 -2.99914
1.00132 -6.99939
3.00089 -6.999
-4.99924 -6.9993
-6.99914 -0.99908
-6.99864 -4.99866
-2.99897 7.00088
1.00082 7.00096
7.00125 5.00098
7.00055 7.00123
3.00132 -6.99891
-4.99892 -6.99899
-6.99864 -4.99902
7.00108 7.00104
-2.99884 7.00086
1.00096 7.00112
7.00107 -0.999255
7.00107 -6.99901
3.00106 -6.99906
-4.99953 -6.99883
-6.99876 -0.999246
-6.99957 -4.99947
-2.99912 7.00074
1.00083 7.0011
7.00133 5.00083
7.00105 7.00127
3.0012 -6.99893
-4.99909 -6.99898
-6.99912 -4.99932
7.00097 7.00103
-2.99941 7.00102
1.00126 7.00103
7.00127 5.00084
-6.9991 -6.99881
3.00143 -6.99886
-4.99897 -6.99899
-6.99891 -0.998902
-6.99894 -4.99879
-2.99934 7.00044
1.00094 7.00092
7.00088 5.00119
7.0012 7.00094
3.00092 -6.99891
-4.99893 -6.99928
-6.99918 -4.99921
7.00082 7.00042
-2.99907 7.00115
1.00066 7.00071
7.00078 5.00098
1.0004 -6.9989
3.00121 -6.99919
-4.999 -6.99883
-6.99897 -0.998918
-6.99905 -4.99899
-2.99911 7.00144
1.00028 7.00102
7.00058 5.00057
7.00058 7.00049
3.00087 -6.99869
-4.999 -6.99958
-6.99911 -4.99924
7.0011 7.00105
-2.99891 7.00093
1.00115 7.00102
7.00098 5.00056
7.00102 -6.99939
5.00088 1.00108
7.00067 -6.99903
-6.99908 -0.999149
-6.99883 -4.99911
-2.99927 7.00092
1.00045 7.00069
7.00105 5.00107
7.00105 7.00091
3.00049 -6.99874
-4.99891 -6.99901
-6.99891 -4.99895
7.00088 7.00076
-2.99913 7.00051
1.00096 7.00082
7.00102 5.00108
7.00098 7.00071
-2.99931 1.00097
-2.99905 -6.99864
-6.99941 -0.998795
-6.99899 -4.99966
-2.99903 7.00092
1.00069 7.00091
7.00068 5.00103
7.0005 7.00102
3.00084 -6.99942
-4.9991 -6.99944
-6.99967 -4.99939
7.00113 7.00034
-2.99867 7.00088
1.0004 7.00063
7.00073 5.00067
7.00075 7.00095
-2.99933 7.00146
7.00077 -6.99906
-6.99908 -0.998968
-6.9991 -4.99931
-2.9989 7.00101
1.00089 7.00101
7.00077 5.00093
7.00052 7.00072
3.0013 -6.99915
-4.99942 -6.99888
-6.99925 -4.99916
7.00103 7.00095
-2.99926 7.00094
1.00072 7.0008
7.00102 5.00105
7.00087 7.00127
-2.99899 7.0007
7.00112 -6.99928
-6.99943 -0.99903
-6.99902 -4.99928
-2.99889 7.0005
1.00114 7.00053
7.0011 5.00116
7.00095 7.00142
3.00066 -6.99885
-4.99874 -6.9988
-6.99918 -4.99912
7.00058 7.00118
-2.99883 7.00116
1.00124 7.00076
7.00095 5.00091
7.00083 7.00121
-2.99907 7.00095
1.00071 -6.99887
-6.9989 -0.998787
-6.99929 -4.99967
-2.99924 7.00064
1.00106 7.00064
7.00108 5.00056
7.0013 7.00122
3.00079 -6.99891
-4.99899 -6.99902
-6.99922 -4.99912
7.0009 7.00112
-2.99918 7.00099
1.00114 7.00089
7.00061 5.0007
7.00053 7.00111
-2.99871 7.00129
1.00064 -6.99901
-6.99855 -0.999228
-6.99894 -2.99949
-2.99892 7.00095
1.00087 7.00054
7.00079 5.00119
7.00079 7.00081
3.00114 -6.99856
-4.99892 -6.99916
-6.99914 -4.99873
7.00061 7.0005
-2.99902 7.00111
1.00058 7.00065
7.00118 5.00118
7.00068 7.00128
-2.99875 7.00092
1.00082 -6.99885
-6.99946 -0.998852
-6.99875 -2.99917
-2.99895 7.00068
1.00103 7.00069
7.00101 5.00064
7.00086 7.00052
3.00133 -6.99913
-4.99889 -6.99902
-6.99914 -4.99905
7.00098 7.00088
-2.99912 7.00082
1.00069 7.00079
7.00086 5.00116
7.00095 7.00133
-2.99915 7.00094
1.00065 -6.99957
-6.99908 -0.998809
-6.99909 -2.99917
-2.99913 7.00103
1.00114 7.00105
7.00104 5.00045
7.00086 7.00107
3.0011 -6.99924
-4.999 -6.99893
-6.99905 -4.9987
7.00074 7.00092
-2.99939 7.001
1.00065 7.00082
7.00113 5.00086
7.00068 7.00087
-2.99897 7.00075
1.00051 -6.99881
-6.99891 -0.999226
-6.99919 -2.99917
-2.99907 7.00072
1.00105 7.001
7.00087 5.00133
7.00052 7.00096
3.00073 -6.99855
-4.99876 -6.99938
-6.99913 -4.99895
7.00125 7.00112
-2.99918 7.0008
1.00097 7.00114
7.00158 5.00077
7.00075 7.001
-2.99899 7.00058
1.00103 -6.99884
-6.99869 -0.998845
-6.99965 7.00114
-2.999 7.00078
1.00047 7.00089
7.00081 5.00063
7.00112 7.00093
3.001 -6.99916
-4.99925 -6.99887
-6.9993 -4.99895
7.00102 7.00087
-2.99919 7.00093
1.00056 7.00089
7.00068 5.00058
7.00063 7.00062
-2.99906 7.00075
1.00121 -6.99948
-6.99889 -0.999054
-4.99959 7.00062
-2.99898 7.00125
1.00083 7.00087
7.00115 5.00111
7.00068 7.001
3.001 -6.99905
-4.99877 -6.99859
-6.99951 -4.99939
7.00114 7.00069
-2.99886 7.00074
1.00079 7.00088
7.00091 5.00101
7.00093 7.00085
-2.99891 7.00096
1.00145 -6.99893
-6.99931 -0.998755
-4.99914 7.00071
-2.99929 7.00116
1.00122 7.00129
7.00103 5.00069
7.00096 7.00082
3.0011 -6.999
-4.99903 -6.99921
-6.99901 -4.99885
7.00096 7.00112
-2.99895 7.00079
1.0007 7.00102
7.00103 5.00083
7.00089 7.00097
-2.99923 7.00101
1.00086 -6.99921
-6.99903 -0.999131
-2.99912 7.00103
-2.99934 7.00112
1.00099 7.00087
7.00104 5.0005
7.00047 7.00115
3.00104 -6.99899
-4.99966 -6.99862
-6.99856 -4.99929
7.0006 7.00085
-2.99898 7.001
1.00066 7.00139
7.00087 5.00133
7.00122 7.00067
-2.99906 7.00154
1.00068 -6.99958
-6.99937 -0.999244
7.00118 7.00048
-2.99947 7.00074
1.00081 7.00071
7.00064 5.00087
7.00107 7.0013
3.00075 -6.99924
-4.99897 -6.99928
-6.99896 -4.99907
7.00099 7.00045
-2.99939 7.0014
1.00128 7.00082
7.00097 5.00113
7.00089 7.00072
-2.9988 7.00073
1.00088 -6.9991
-6.99876 -2.99897
7.00069 7.00052
-2.99917 7.0012
1.00087 7.00102
7.00106 5.00093
7.00066 7.00097
3.00103 -6.99877
-4.9994 -6.99906
-6.99955 -4.99885
7.0009 7.0012
-2.99904 7.00103
1.00086 7.00089
7.00071 5.00064
7.00077 7.00082
-2.99903 7.00125
7.00097 -6.99885
-6.99896 5.001
7.00096 7.00119
-2.99884 7.00048
1.00049 7.00109
7.00058 5.00157
7.00084 7.00095
3.00098 -6.99945
-4.99879 -6.99893
-6.99936 -4.99934
7.001 7.00075
-2.99956 7.00121
1.00123 7.00081
7.00093 5.00087
7.00101 7.00105
-2.99874 7.00149
7.00068 -6.99933
-2.99918 5.001
7.00067 7.00103
-2.99913 7.00107
1.00109 7.00115
7.00113 5.00106
7.00109 7.00133
3.00096 -6.99898
-4.99946 -6.99893
-6.99929 -4.99917
7.0009 7.00079
-2.99876 7.00082
1.00079 7.0011
7.00059 5.00096
7.00113 7.00075
-2.99896 7.00102
1.00072 -2.99903
7.0013 5.00091
7.00076 7.00084
-2.9987 7.00116
1.00136 7.0009
7.00126 5.00085
7.00094 7.00109
3.00149 -6.99938
-4.9995 -6.9993
-6.99879 -4.99886
7.00103 7.0008
-2.99871 7.00066
1.00075 7.00099
7.00082 5.00105
7.00032 7.00112
-2.9991 7.00101
1.00058 7.00083
7.00064 5.0009
7.00075 7.00101
-2.99898 7.00087
1.00063 7.00058
7.00064 5.00123
7.00071 7.0007
3.00103 -6.99926
-4.99892 -6.99894
-6.99882 -4.99938
7.00112 7.00068
-2.99913 7.00091
1.00111 7.00137
7.00087 5.0012
7.00075 7.0008
-2.9988 7.0005
1.00108 7.00069
7.00096 5.00069
7.00096 7.0009
-2.99908 7.00117
1.00101 7.00099
7.00106 5.00058
7.00115 7.00101
3.00074 -6.99897
-4.99898 -6.99916
-6.99929 -4.9992
7.00134 7.00066
-2.99884 7.00076
1.00062 7.00076
7.00071 5.00067
7.00026 7.00065
-2.999 7.00124
1.00109 7.0012
7.00107 5.0014
7.0014 7.0013
-2.99903 7.00091
1.00083 7.00095
7.00101 5.00086
7.00122 7.00032
3.00085 -6.99838
-4.99924 -6.99921
-6.99938 -4.99874
7.0008 7.00066
-2.99948 7.00131
1.00084 7.00083
7.00136 5.00082
7.00116 7.00116
-2.99905 7.00063
1.00082 7.00134
7.00085 5.00075
7.00103 7.00121
-2.99909 7.0009
1.00124 7.00129
7.00074 5.001
7.00104 7.00058
3.00064 -6.99908
-4.99898 -6.99891
-6.99907 -4.99882
7.00125 7.0002
-2.9992 7.00086
1.00066 7.00085
7.0005 5.00112
7.00066 7.00101
-2.99923 7.00136
1.00107 7.00104
7.00122 5.00116
7.00071 7.00108
-2.999 7.00095
1.00068 7.00121
7.00088 5.00099
7.0008 7.00048
3.00098 -6.99927
-4.99913 -6.9986
-6.99909 -4.99892
7.00082 7.00105
-2.99933 7.00109
1.00065 7.00104
7.00093 5.00056
7.00118 7.00071
-2.99895 7.00106
1.00071 7.0008
7.00088 5.00093
7.00098 7.00104
-2.99874 7.00096
1.00077 7.00082
7.00089 5.0007
7.0011 7.00092
3.00109 -6.9989
-4.99885 -6.9988
-6.99909 -4.9993
7.001 7.00094
-2.99921 7.00086
1.00127 7.00105
7.001 5.00102
7.00114 7.00117
-2.99893 7.00149
1.00103 7.00092
7.00034 5.00084
7.00098 7.00119
-2.99922 7.00058
1.0008 7.00082
7.00094 5.0003
7.00042 7.00096
3.00105 -6.99924
-4.99895 -6.99945
-6.99915 -4.99884
7.00078 7.00092
